1 6.99624e-05 -0.000124138 0.00211333 -6.99838e-05 1 -0.000172674 0.000187848 0.000124126 0.000172683 1 0.000301274
0.998688 -0.0511831 0.00175985 -0.573924 0.0511854 0.998688 -0.00130998 -0.025399 -0.00169049 0.00139834 0.999998 0.0118168
0.983412 -0.18138 0.00146912 -2.69292 0.181366 0.983392 0.0068142 -0.273641 -0.00268068 -0.00643471 0.999976 0.0122667
0.970692 -0.240305 0.00331927 -4.74983 0.240231 0.970599 0.015065 -0.65163 -0.00684188 -0.0138261 0.999881 0.01474
0.967241 -0.25386 0.00035677 -6.76549 0.253846 0.967199 0.00934707 -1.09157 -0.00271792 -0.0089503 0.999956 0.0430708
0.963708 -0.266846 -0.00772969 -8.76099 0.266934 0.963605 0.0145244 -1.54018 0.00357258 -0.0160606 0.999865 0.0399819
0.966548 -0.256155 -0.0130642 -10.7616 0.25622 0.966612 0.00355494 -2.01333 0.0117174 -0.00678333 0.999908 0.0294192
0.979591 -0.200576 -0.0130754 -12.8458 0.200531 0.979676 -0.0046677 -2.4059 0.0137459 0.00195041 0.999904 0.0048736
0.990216 -0.138854 -0.0138526 -14.8635 0.138776 0.990303 -0.00646736 -2.6733 0.0146163 0.00448168 0.999883 -0.0267561
0.998637 -0.0497684 -0.0157472 -16.9541 0.0498209 0.998754 0.00296381 -2.74258 0.0155801 -0.00374431 0.999872 -0.0591049
0.999737 -0.0151979 -0.0171966 -18.9687 0.0151287 0.999877 -0.00414986 -2.68979 0.0172576 0.0038886 0.999844 -0.0803911
0.999824 0.00525967 -0.0179847 -21.0889 -0.00526717 0.999986 -0.000369519 -2.6054 0.0179825 0.000464183 0.999838 -0.125397
0.9999 0.00536972 -0.0131032 -23.248 -0.00536442 0.999986 0.000439719 -2.49689 0.0131053 -0.000369383 0.999914 -0.158939
0.999829 0.00461886 -0.0179142 -25.3108 -0.00440845 0.999921 0.011767 -2.41143 0.0179672 -0.011686 0.99977 -0.192017
0.999859 0.0038169 -0.0163763 -27.5015 -0.00371409 0.999973 0.00630368 -2.30445 0.0163999 -0.00624196 0.999846 -0.238701
0.99982 -0.00965768 -0.0163149 -29.6023 0.0097443 0.999939 0.00523846 -2.22393 0.0162633 -0.0053965 0.999853 -0.276773
0.999248 -0.0348291 -0.0170533 -31.7552 0.0348152 0.999393 -0.00110912 -2.21831 0.0170816 0.000514573 0.999854 -0.294074
0.998068 -0.053199 -0.0320965 -33.9826 0.0531865 0.998584 -0.00124368 -2.24784 0.0321172 -0.000465817 0.999484 -0.350301
0.997612 -0.0671137 -0.01633 -36.2323 0.0671155 0.997745 -0.000441818 -2.31457 0.0163228 -0.000655234 0.999867 -0.419196
0.99668 -0.0774455 -0.0251115 -38.2922 0.0773488 0.996993 -0.00480087 -2.39501 0.0254078 0.00284259 0.999673 -0.449104
0.99613 -0.0844956 -0.0242035 -40.3851 0.0841995 0.996364 -0.0130044 -2.49956 0.0252144 0.0109161 0.999622 -0.502172
0.996321 -0.0830606 -0.0210919 -42.5038 0.082758 0.996459 -0.0148399 -2.60551 0.0222498 0.0130398 0.999667 -0.551138
0.997188 -0.0728273 -0.0176866 -44.6542 0.0725095 0.997205 -0.0179954 -2.69295 0.0189478 0.0166623 0.999682 -0.586065
0.998137 -0.0550753 -0.0262698 -46.8537 0.0545244 0.998286 -0.0212448 -2.74097 0.0273948 0.0197729 0.999429 -0.620521
0.998968 -0.0362641 -0.0273371 -49.0882 0.0356651 0.99912 -0.0220899 -2.74814 0.0281141 0.0210921 0.999382 -0.670182
0.999258 -0.0271239 -0.0273501 -51.2596 0.0266249 0.999475 -0.0184468 -2.72311 0.0278361 0.0177049 0.999456 -0.721319
0.999478 -0.0192676 -0.0259132 -53.4783 0.0189151 0.999726 -0.0137801 -2.67834 0.0261716 0.0132827 0.999569 -0.769144
0.999524 -0.0207258 -0.0228721 -55.5225 0.0204449 0.999713 -0.0124485 -2.63336 0.0231235 0.0119749 0.999661 -0.823227
0.999428 -0.026585 -0.020899 -57.5619 0.0263847 0.999604 -0.00980387 -2.59169 0.0211513 0.00924685 0.999734 -0.856983
0.999233 -0.0333852 -0.0204881 -59.6091 0.0331578 0.999386 -0.0113418 -2.58087 0.0208541 0.0106537 0.999726 -0.905624
0.999147 -0.0353587 -0.0213501 -61.6732 0.0351757 0.999342 -0.00888596 -2.58343 0.0216502 0.00812737 0.999733 -0.954156
0.999107 -0.0369157 -0.0205519 -63.7568 0.0365928 0.999204 -0.0158736 -2.58281 0.0211215 0.0151074 0.999663 -0.987467
0.998579 -0.046952 -0.0252108 -65.8921 0.0464251 0.998699 -0.0210916 -2.60261 0.0261683 0.0198912 0.99946 -1.04421
0.998198 -0.055073 -0.0238434 -68.0184 0.0545678 0.998282 -0.021347 -2.63488 0.0249781 0.0200074 0.999488 -1.078
0.998237 -0.0537534 -0.025152 -70.1779 0.0532124 0.998347 -0.0217077 -2.66447 0.0262773 0.020331 0.999448 -1.13008
0.998615 -0.047034 -0.0235686 -72.3909 0.0465333 0.998688 -0.0213582 -2.69515 0.0245422 0.0202319 0.999494 -1.20446
0.999205 -0.0331342 -0.0221597 -74.4737 0.0327712 0.999326 -0.0165452 -2.67757 0.022693 0.0158058 0.999618 -1.23904
0.999438 -0.011496 -0.0314744 -76.6729 0.0111773 0.999885 -0.010284 -2.618 0.031589 0.0099264 0.999452 -1.30522
0.999203 0.0133174 -0.0376338 -78.6723 -0.0134287 0.999906 -0.00270679 -2.51937 0.0375942 0.00321001 0.999288 -1.36394
0.998699 0.0392458 -0.0325669 -80.7355 -0.0392019 0.999229 0.00198532 -2.36867 0.0326197 -0.00070605 0.999468 -1.43617
0.998033 0.056054 -0.0280718 -82.85 -0.0558852 0.998414 0.00676253 -2.17131 0.0284063 -0.00518044 0.999583 -1.50235
0.997896 0.0583757 -0.0282077 -84.996 -0.0580565 0.998241 0.0120043 -1.96715 0.0288589 -0.0103414 0.99953 -1.55798
0.998563 0.0461128 -0.0273094 -87.0605 -0.0456422 0.998803 0.0176143 -1.77421 0.028089 -0.0163426 0.999472 -1.62025
0.999138 0.0314458 -0.0271147 -89.1449 -0.0308568 0.999284 0.0218724 -1.61319 0.0277831 -0.0210169 0.999393 -1.67597
0.999413 0.0192671 -0.0283154 -91.2927 -0.018769 0.999666 0.0177535 -1.48795 0.028648 -0.0172116 0.999441 -1.75099
0.9993 0.00819147 -0.0364906 -93.5745 -0.00757162 0.999825 0.0170924 -1.37622 0.0366242 -0.0168042 0.999188 -1.82951
0.998903 0.00138901 -0.0468126 -95.6498 -0.000698358 0.999891 0.0147668 -1.29446 0.046828 -0.0147179 0.998795 -1.89106
0.999402 -0.00136243 -0.0345484 -97.7855 0.00199691 0.99983 0.0183371 -1.21048 0.0345176 -0.0183951 0.999235 -1.99062
0.999079 -0.0016445 -0.0428716 -100.03 0.00250869 0.999795 0.0201116 -1.11884 0.0428297 -0.0202007 0.998878 -2.06264
0.999009 -0.00101828 -0.0444962 -102.327 0.00173744 0.999868 0.0161265 -1.03708 0.044474 -0.0161878 0.998879 -2.16888
0.99914 -0.000752324 -0.0414545 -104.665 0.00146283 0.999853 0.0171117 -0.952834 0.0414355 -0.0171576 0.998994 -2.26595
0.999071 -0.00717016 -0.042487 -107.058 0.00801861 0.999771 0.0198332 -0.877261 0.0423351 -0.0201555 0.9989 -2.3456
0.999116 -0.0144752 -0.0394596 -109.064 0.0153828 0.999622 0.0227953 -0.811682 0.0391147 -0.0233822 0.998961 -2.43542
0.999136 -0.0203452 -0.0362418 -111.16 0.0211968 0.999504 0.023271 -0.779605 0.0357504 -0.0240191 0.999072 -2.51676
0.999066 -0.0244862 -0.035595 -113.351 0.0255166 0.99926 0.0287877 -0.742151 0.0348637 -0.0296691 0.998952 -2.60914
0.998954 -0.0292909 -0.0351175 -115.657 0.030463 0.99898 0.033317 -0.718017 0.0341059 -0.0343519 0.998828 -2.70181
0.998476 -0.0343045 -0.0432266 -118.063 0.0356231 0.998911 0.0301133 -0.703462 0.0421466 -0.0316073 0.998611 -2.79964
0.998432 -0.0370013 -0.0420048 -120.088 0.0382781 0.998816 0.0300091 -0.703152 0.0408447 -0.0315699 0.998667 -2.87385
0.998494 -0.039018 -0.0385724 -122.154 0.0401624 0.998762 0.0293551 -0.703056 0.0373793 -0.0308601 0.998825 -2.96212
0.998069 -0.0406208 -0.0469905 -124.303 0.0420848 0.998645 0.0305959 -0.706436 0.045684 -0.0325144 0.998427 -3.05109
0.9982 -0.0421861 -0.0426351 -126.441 0.0434951 0.998595 0.0302561 -0.711603 0.0412989 -0.032056 0.998632 -3.14606
0.998223 -0.0415663 -0.0427034 -128.969 0.043069 0.998463 0.0348944 -0.71964 0.0411873 -0.0366715 0.998478 -3.27106
0.998057 -0.0427333 -0.0453426 -131.263 0.0442888 0.998444 0.033873 -0.726476 0.0438245 -0.0358154 0.998397 -3.3641
0.99831 -0.0430925 -0.0389829 -133.478 0.0443448 0.998508 0.0318492 -0.74224 0.0375523 -0.033524 0.998732 -3.46667
0.998011 -0.0435619 -0.0455614 -135.727 0.0446547 0.998732 0.0232484 -0.762901 0.0444908 -0.0252367 0.998691 -3.537
0.997876 -0.042904 -0.0490114 -137.937 0.0441493 0.998722 0.0246151 -0.780798 0.0478926 -0.0267266 0.998495 -3.66108
0.998043 -0.0426787 -0.0456931 -140.091 0.0436273 0.998848 0.019968 -0.799671 0.0447883 -0.0219224 0.998756 -3.74894
0.998065 -0.0422877 -0.0455813 -142.246 0.0431228 0.998917 0.0174943 -0.813774 0.0447921 -0.0194261 0.998807 -3.84732
0.99803 -0.0406778 -0.0477578 -144.357 0.0415317 0.998992 0.0170261 -0.816038 0.0470171 -0.018976 0.998714 -3.92829
0.998146 -0.0370983 -0.0482513 -146.455 0.037942 0.999141 0.0166878 -0.81712 0.0475908 -0.0184877 0.998696 -4.04057
0.997996 -0.0299352 -0.055744 -148.479 0.0308561 0.9994 0.0157336 -0.799899 0.0552396 -0.0174221 0.998321 -4.12322
0.998456 -0.00459896 -0.0553653 -150.778 0.00528822 0.99991 0.0123092 -0.731857 0.0553037 -0.012583 0.99839 -4.23157
0.995815 0.068168 -0.0608719 -153.108 -0.066726 0.997448 0.0254183 -0.510881 0.0624492 -0.0212502 0.997822 -4.38826
0.973524 0.2229 -0.0506604 -155.219 -0.222211 0.974815 0.0189117 -0.0262137 0.0535999 -0.00715372 0.998537 -4.48731
0.925055 0.377477 -0.0422406 -156.469 -0.377385 0.925998 0.0104523 0.522296 0.0430602 0.00627205 0.999053 -4.55343
0.845317 0.532843 -0.0389631 -157.534 -0.533297 0.845927 -0.0015064 1.16873 0.0321573 0.0220523 0.99924 -4.61751
0.737295 0.674325 -0.0410045 -158.364 -0.675116 0.737667 -0.00810149 1.92068 0.0247847 0.033656 0.999126 -4.64338
0.599384 0.799373 -0.0417273 -159.006 -0.800415 0.599096 -0.020485 2.81958 0.00862351 0.0456775 0.998919 -4.66774
0.459819 0.886476 -0.0522081 -159.438 -0.888012 0.459022 -0.0270655 3.67991 -2.82986e-05 0.0588067 0.998269 -4.68048
0.299279 0.952572 -0.0551204 -159.83 -0.954118 0.29819 -0.0272197 4.60293 -0.0094924 0.0607376 0.998109 -4.6795
0.132939 0.989683 -0.0534272 -160.031 -0.990808 0.131342 -0.032372 6.1419 -0.0250208 0.0572396 0.998047 -4.65128
0.0311143 0.998594 -0.0429074 -160.067 -0.998903 0.0295635 -0.0363144 8.31887 -0.0349949 0.0439902 0.998419 -4.60123
0.0175325 0.999124 -0.0380014 -159.998 -0.999446 0.0164376 -0.0289369 10.341 -0.0282869 0.0384877 0.998859 -4.51321
0.0141253 0.999683 -0.0208369 -159.935 -0.999519 0.0135416 -0.0278898 12.4561 -0.0275988 0.0212208 0.999394 -4.45868
0.0150011 0.99948 -0.0285506 -159.872 -0.999716 0.0144642 -0.0189191 14.7163 -0.0184963 0.0288263 0.999413 -4.41445
0.017555 0.999474 -0.027272 -159.819 -0.999653 0.0170091 -0.0201222 17.0688 -0.0196477 0.0276157 0.999426 -4.35619
0.019176 0.999377 -0.0296289 -159.768 -0.999578 0.018516 -0.0223926 19.4738 -0.0218301 0.0300458 0.99931 -4.31494
0.0225612 0.999605 -0.0167702 -159.718 -0.999581 0.0222501 -0.0185143 21.9322 -0.0181338 0.0171809 0.999688 -4.2707
0.0274506 0.99955 -0.0120955 -159.688 -0.999462 0.0272271 -0.0182716 23.9363 -0.0179341 0.0125906 0.99976 -4.23803
0.0318509 0.999347 -0.0170565 -159.66 -0.999229 0.0314463 -0.0234853 26.4633 -0.0229336 0.0177914 0.999579 -4.18373
0.0331608 0.999293 -0.0177106 -159.645 -0.999293 0.0328363 -0.0183096 28.9699 -0.0177151 0.0183052 0.999675 -4.1221
0.0376429 0.999086 -0.0202573 -159.638 -0.999097 0.0372276 -0.0204992 31.3534 -0.0197263 0.0210106 0.999585 -4.07059
0.0404444 0.998941 -0.0219146 -159.654 -0.998922 0.039924 -0.0236877 33.654 -0.0227877 0.022849 0.999479 -4.02374
0.0456846 0.998674 -0.0237467 -159.673 -0.998694 0.0451159 -0.023956 35.9448 -0.0228528 0.0248101 0.999431 -3.97228
0.0531247 0.998264 -0.0254213 -159.707 -0.99834 0.0525267 -0.0236394 38.2768 -0.022263 0.0266349 0.999397 -3.92191
0.0588523 0.997924 -0.0261635 -159.758 -0.998104 0.0583492 -0.0195949 40.6338 -0.0180276 0.0272671 0.999466 -3.86125
0.0598568 0.997364 -0.0410071 -159.806 -0.998062 0.0590968 -0.0195028 42.9417 -0.017028 0.042095 0.998968 -3.80686
0.0586326 0.997438 -0.0409916 -159.867 -0.998128 0.0578583 -0.0198282 45.2856 -0.0174057 0.0420775 0.998963 -3.76561
0.0569398 0.997513 -0.0415323 -159.924 -0.998373 0.0570098 0.000501859 48.1673 0.00286836 0.0414361 0.999137 -3.74026
0.0560043 0.997687 -0.0385373 -159.957 -0.998427 0.055863 -0.00473299 50.5544 -0.00256923 0.0387418 0.999246 -3.73388
0.0530496 0.998013 -0.0339989 -159.981 -0.998494 0.0525359 -0.0158283 53.0026 -0.0140107 0.0347874 0.999297 -3.70862
0.0487539 0.998477 -0.0258055 -159.997 -0.998766 0.0489805 0.0082222 55.4555 0.00947365 0.0253728 0.999633 -3.68644
0.0442913 0.998896 -0.0156326 -160 -0.99887 0.044009 -0.0179639 57.8551 -0.0172561 0.0164105 0.999716 -3.69609
0.0421596 0.998944 -0.0182485 -160.003 -0.999091 0.0420359 -0.00710772 59.8549 -0.00633312 0.0185315 0.999808 -3.6452
0.0378025 0.999052 -0.0215676 -160.016 -0.999284 0.0378318 0.000955832 61.8579 0.00177087 0.021516 0.999767 -3.63885
0.0335175 0.999252 -0.0192882 -159.993 -0.999431 0.0334385 -0.00440199 63.8782 -0.00375373 0.0194248 0.999804 -3.66675
0.030129 0.999417 -0.0160769 -159.981 -0.999469 0.0299232 -0.012894 65.9019 -0.0124055 0.0164569 0.999788 -3.63664
0.0266978 0.999475 -0.0183402 -159.957 -0.999412 0.0262923 -0.0220025 67.9205 -0.0215087 0.0189168 0.99959 -3.596
0.0251302 0.999537 -0.0171683 -159.936 -0.99923 0.0245973 -0.030572 69.9312 -0.0301356 0.0179233 0.999385 -3.53407
0.0257778 0.999521 -0.0171284 -159.911 -0.999576 0.0255398 -0.0139717 71.9438 -0.0135275 0.0174813 0.999756 -3.4743
0.0254961 0.999369 -0.0247345 -159.89 -0.999652 0.0253188 -0.00745535 73.9468 -0.0068244 0.024916 0.999666 -3.45158
0.027047 0.999047 -0.0342517 -159.868 -0.999618 0.0268385 -0.00653133 76.4514 -0.00560584 0.0344153 0.999392 -3.44552
0.0257398 0.998582 -0.0465974 -159.855 -0.999664 0.0258598 0.00197478 78.5093 0.00317698 0.0465309 0.998912 -3.4353
0.0263722 0.998687 -0.0439195 -159.827 -0.999651 0.0262748 -0.00279203 80.5321 -0.00163439 0.0439778 0.999031 -3.42701
0.0257369 0.998819 -0.0412089 -159.815 -0.999606 0.0261749 0.0101242 82.6157 0.0111909 0.0409321 0.999099 -3.43681
0.0242273 0.998503 -0.0490436 -159.776 -0.999689 0.023909 -0.00706619 84.6923 -0.00588303 0.0491995 0.998772 -3.43323
0.022206 0.999094 -0.0363026 -159.73 -0.999683 0.0226209 0.0110588 86.8038 0.01187 0.0360455 0.99928 -3.42318
0.019904 0.999252 -0.0331532 -159.691 -0.99979 0.0197343 -0.00543732 88.8952 -0.004779 0.0332545 0.999435 -3.44382
0.0173345 0.999165 -0.0370031 -159.653 -0.999841 0.0174814 0.0036522 90.9891 0.00429602 0.0369338 0.999308 -3.44614
0.0165407 0.999073 -0.0397485 -159.613 -0.999858 0.0163981 -0.00391116 93.0634 -0.00325573 0.0398075 0.999202 -3.43687
0.0160145 0.999476 -0.0281262 -159.555 -0.999866 0.0159142 -0.0037855 95.1423 -0.00333591 0.0281831 0.999597 -3.43923
0.0180518 0.999478 -0.0267993 -159.504 -0.999793 0.0177918 -0.00990756 97.1774 -0.00942557 0.0269726 0.999592 -3.42479
0.0205269 0.999218 -0.0338052 -159.474 -0.999729 0.0201419 -0.0116889 99.2132 -0.0109988 0.0340359 0.99936 -3.38341
0.0254766 0.999124 -0.0331985 -159.435 -0.999673 0.0253861 -0.00314361 101.68 -0.00229808 0.0332677 0.999444 -3.34502
0.0331147 0.998866 -0.0342054 -159.411 -0.999433 0.0328872 -0.0071912 104.008 -0.00605812 0.0344241 0.999389 -3.34684
0.0384525 0.998598 -0.0363836 -159.414 -0.999258 0.0383497 -0.00351927 106.261 -0.00211903 0.0364919 0.999332 -3.3421
0.0438534 0.998253 -0.0395846 -159.428 -0.999027 0.043633 -0.00641622 108.494 -0.00467782 0.0398275 0.999196 -3.33046
0.0467987 0.998027 -0.041868 -159.453 -0.998903 0.0466831 -0.00373547 110.728 -0.00177357 0.0419969 0.999116 -3.3299
0.0487733 0.997725 -0.0465308 -159.472 -0.99881 0.0486808 -0.00311893 112.92 -0.000846678 0.0466276 0.998912 -3.31628
0.050579 0.997914 -0.040114 -159.497 -0.998707 0.050332 -0.00714255 114.959 -0.00510864 0.0404234 0.99917 -3.30861
0.0500197 0.998201 -0.033069 -159.524 -0.998645 0.0504634 0.0127207 117.143 0.0143666 0.0323879 0.999372 -3.31053
0.047969 0.998419 -0.0292996 -159.517 -0.998815 0.0481884 0.00682774 119.227 0.00822884 0.0289374 0.999547 -3.31336
0.00561269 0.999491 -0.0314012 -159.54 -0.999978 0.0057188 0.00329027 121.271 0.00346818 0.0313821 0.999501 -3.32747
-0.169343 0.984793 -0.038811 -159.326 -0.985555 -0.169284 0.00484999 123.084 -0.00179384 0.0390717 0.999235 -3.33069
-0.324342 0.944797 -0.0464776 -158.948 -0.945885 -0.324459 0.00521197 124.1 -0.0101558 0.045653 0.998906 -3.32627
-0.487959 0.870879 -0.0588792 -158.422 -0.87239 -0.48881 -6.83098e-05 125.066 -0.0288403 0.0513323 0.998265 -3.3132
-0.619818 0.781637 -0.0697772 -157.785 -0.783531 -0.621352 -0.000362392 125.83 -0.0436395 0.054448 0.997563 -3.28751
-0.743664 0.66419 -0.0762594 -156.952 -0.666867 -0.745044 0.0140798 126.578 -0.047465 0.0613255 0.996989 -3.22958
-0.84071 0.537637 -0.0644416 -155.936 -0.539431 -0.841925 0.0132769 127.178 -0.0471168 0.0459239 0.997833 -3.1578
-0.916806 0.395721 -0.0535876 -154.527 -0.397622 -0.91703 0.0308791 127.758 -0.0369219 0.0496178 0.998086 -3.09154
-0.972716 0.225691 -0.0537217 -152.632 -0.227811 -0.972994 0.0372028 128.218 -0.0438746 0.0484261 0.997863 -3.00129
-0.992015 0.117405 -0.0460652 -150.577 -0.11896 -0.992364 0.0325967 128.394 -0.0418864 0.0378163 0.998406 -2.88599
-0.996282 0.0675783 -0.0534335 -148.549 -0.0689901 -0.997303 0.0250318 128.451 -0.0515978 0.0286251 0.998258 -2.77671
-0.996773 0.0655683 -0.0462973 -146.393 -0.066846 -0.997408 0.0266095 128.504 -0.0444326 0.0296185 0.998573 -2.6729
-0.996782 0.0630092 -0.0495501 -144.174 -0.064827 -0.997248 0.0359755 128.569 -0.0471469 0.0390719 0.998124 -2.54981
-0.99751 0.0524192 -0.0471848 -142.133 -0.0536231 -0.998258 0.0246209 128.608 -0.045812 0.0270898 0.998583 -2.44754
-0.998069 0.0416965 -0.0460302 -140.125 -0.0427287 -0.998852 0.0216739 128.596 -0.0450736 0.0235989 0.998705 -2.34425
-0.998042 0.0413427 -0.0469268 -137.957 -0.0424862 -0.998817 0.0236373 128.604 -0.0458941 0.0255848 0.998619 -2.26571
-0.997809 0.0483852 -0.0451128 -135.841 -0.0494664 -0.998507 0.0231666 128.63 -0.0439245 0.0253475 0.998713 -2.16475
-0.997285 0.0540864 -0.0499812 -133.565 -0.0553315 -0.998183 0.0238732 128.673 -0.0485992 0.026574 0.998465 -2.07597
-0.997703 0.0534536 -0.0416155 -131.338 -0.054782 -0.998003 0.0314617 128.717 -0.0398506 0.0336692 0.998638 -1.95906
-0.997871 0.0515564 -0.0399494 -129.236 -0.0529761 -0.99797 0.0353331 128.757 -0.0380466 0.0373742 0.998577 -1.86502
-0.997287 0.0541682 -0.049835 -127.129 -0.0562431 -0.997566 0.0412193 128.803 -0.0474809 0.0439104 0.997907 -1.76477
-0.997147 0.0600558 -0.0457277 -124.921 -0.0621701 -0.996991 0.0463109 128.853 -0.0428089 0.0490216 0.99788 -1.65067
-0.996855 0.066791 -0.0426453 -122.72 -0.0689627 -0.99628 0.0516669 128.923 -0.0390358 0.0544454 0.997753 -1.55684
-0.996941 0.0639719 -0.0449073 -120.565 -0.0664646 -0.996193 0.056401 128.999 -0.0411282 0.0592132 0.997398 -1.46857
-0.997648 0.0532113 -0.0432195 -118.375 -0.0557517 -0.996648 0.0598729 129.051 -0.0398887 0.0621416 0.99727 -1.3735
-0.998019 0.0435673 -0.0453941 -116.242 -0.0462081 -0.997197 0.0588486 129.072 -0.0427029 0.0608296 0.997234 -1.29204
-0.998155 0.0420765 -0.0437708 -113.978 -0.0446658 -0.997201 0.0599632 129.088 -0.0411252 0.0618076 0.99724 -1.19925
-0.998084 0.0403064 -0.0469353 -111.861 -0.0427546 -0.997711 0.0523818 129.1 -0.0447166 0.0542882 0.997524 -1.1164
-0.998117 0.0387375 -0.0475623 -109.534 -0.0411517 -0.997857 0.0508753 129.103 -0.0454896 0.0527367 0.997572 -1.0203
-0.998486 0.0342128 -0.0430649 -107.528 -0.0364281 -0.997995 0.0517529 129.103 -0.041208 0.0532433 0.997731 -0.914389
-0.998621 0.0294071 -0.0434931 -105.46 -0.0316052 -0.998211 0.0507472 129.09 -0.041923 0.0520519 0.997764 -0.824959
-0.998941 0.0240903 -0.0392079 -103.445 -0.0259431 -0.998536 0.0474537 129.069 -0.0380074 0.0484206 0.998104 -0.735673
-0.998982 0.0193572 -0.0407391 -101.105 -0.0212781 -0.998656 0.0472583 129.025 -0.0397696 0.0480771 0.998052 -0.634565
-0.998957 0.0240383 -0.0388216 -98.867 -0.0257655 -0.998672 0.0446223 128.996 -0.0376974 0.045576 0.998249 -0.535562
-0.998717 0.0341607 -0.0373769 -96.7554 -0.0358024 -0.998382 0.0441724 128.983 -0.0358075 0.0454539 0.998324 -0.447007
-0.998128 0.0461764 -0.0401106 -94.7204 -0.047994 -0.997806 0.045599 128.999 -0.037917 0.0474387 0.998154 -0.36583
-0.997541 0.058386 -0.0387639 -92.4298 -0.0599988 -0.997321 0.041835 129.033 -0.0362175 0.044058 0.998372 -0.274466
-0.996798 0.0696026 -0.0393677 -90.1883 -0.0715238 -0.9962 0.0497034 129.115 -0.0357586 0.05236 0.997988 -0.188851
-0.996432 0.0761355 -0.0364129 -88.0145 -0.0779954 -0.995559 0.0527221 129.198 -0.0322371 0.0553741 0.997945 -0.107951
-0.996527 0.0743081 -0.0375665 -85.8545 -0.0761539 -0.995824 0.050355 129.282 -0.0336678 0.053041 0.998025 -0.0304292
-0.997129 0.0674572 -0.0344132 -83.6985 -0.0691203 -0.996371 0.0496754 129.348 -0.0309374 0.0519114 0.998172 0.0450354
-0.997847 0.0575779 -0.0314114 -81.4905 -0.059016 -0.997152 0.0469565 129.398 -0.0286183 0.0487091 0.998403 0.119983
-0.998597 0.0448941 -0.0280956 -79.2308 -0.0462568 -0.997683 0.0498981 129.429 -0.0257903 0.0511277 0.998359 0.196235
-0.999274 0.0318244 -0.0209418 -77.0109 -0.032943 -0.997918 0.0554385 129.436 -0.0191339 0.0560881 0.998242 0.261935
-0.999424 0.0230111 -0.0249336 -74.8669 -0.0243253 -0.998258 0.0537536 129.416 -0.0236532 0.0543292 0.998243 0.313569
-0.999414 0.0195986 -0.028047 -72.74 -0.0210941 -0.998315 0.0540574 129.375 -0.0269403 0.0546174 0.998144 0.381607
-0.999571 0.0173864 -0.0235506 -70.5517 -0.0185233 -0.998629 0.048953 129.328 -0.0226672 0.0493683 0.998523 0.434405
-0.999633 0.0164876 -0.0214982 -68.4227 -0.017409 -0.998906 0.0433984 129.277 -0.0207592 0.0437567 0.998827 0.489453
-0.999562 0.0185462 -0.0230595 -66.1631 -0.0194641 -0.999 0.0402412 129.229 -0.0222901 0.0406724 0.998924 0.546013
-0.999299 0.0243374 -0.028433 -64.0964 -0.0254384 -0.998914 0.0390242 129.193 -0.0274524 0.0397201 0.998834 0.604445
-0.99911 0.0360328 -0.0219363 -61.9888 -0.036817 -0.998657 0.0364634 129.165 -0.0205929 0.0372386 0.999094 0.67846
-0.998095 0.0551587 -0.0276397 -59.8638 -0.056149 -0.997757 0.0364366 129.194 -0.0255679 0.0379191 0.998954 0.715079
-0.997023 0.0716743 -0.0284266 -57.7009 -0.0728565 -0.996415 0.0429955 129.277 -0.0252431 0.0449385 0.998671 0.777138
-0.996031 0.0856668 -0.0241695 -55.5769 -0.0868297 -0.994862 0.052066 129.388 -0.019585 0.053958 0.998351 0.841369
-0.996212 0.0834726 -0.0243826 -53.4086 -0.0847021 -0.994903 0.0547141 129.497 -0.0196912 0.0565721 0.998204 0.89326
-0.997046 0.0735085 -0.0222706 -51.1954 -0.0745758 -0.995877 0.0516397 129.576 -0.0183828 0.053148 0.998417 0.937458
-0.997663 0.0644493 -0.0226979 -49.168 -0.0655004 -0.996644 0.0490908 129.633 -0.0194579 0.0504627 0.998536 0.961482
-0.998086 0.0564526 -0.0252347 -47.0548 -0.0575701 -0.997281 0.0460022 129.679 -0.0225691 0.0473669 0.998623 1.01241
-0.998501 0.0487688 -0.0248538 -44.846 -0.049802 -0.997842 0.0427995 129.715 -0.0227128 0.0439731 0.998774 1.04642
-0.999063 0.0410238 -0.0137711 -42.7098 -0.0416066 -0.998116 0.0450978 129.723 -0.011895 0.0456285 0.998888 1.12669
-0.999226 0.0350163 -0.0179505 -40.4598 -0.0357456 -0.998475 0.0420604 129.714 -0.0164503 0.0426695 0.998954 1.15706
-0.999192 0.0318322 -0.0245331 -38.2212 -0.0329048 -0.998461 0.0446335 129.712 -0.0230746 0.0454047 0.998702 1.199
-0.999368 0.0275953 -0.0223921 -35.9546 -0.0286019 -0.998534 0.0459504 129.695 -0.0210912 0.0465618 0.998693 1.25948
-0.999447 0.0279976 -0.017936 -33.7623 -0.0287513 -0.998651 0.0432358 129.661 -0.0167013 0.0437275 0.998904 1.30652
-0.999345 0.0315447 -0.0177366 -31.6779 -0.0323034 -0.998498 0.0442518 129.64 -0.0163141 0.0447958 0.998863 1.3515
-0.999128 0.0335778 -0.0248232 -29.4212 -0.0346856 -0.998356 0.0456332 129.639 -0.0232501 0.0464544 0.99865 1.39371
-0.999235 0.0330717 -0.0208892 -27.2701 -0.0340531 -0.998242 0.0485154 129.644 -0.019248 0.0491897 0.998604 1.44858
-0.999637 0.0159314 -0.0217231 -25.1159 -0.0167999 -0.999042 0.0404019 129.616 -0.0210587 0.0407522 0.998947 1.50219
-0.999838 -0.0117893 -0.0135831 -22.9802 0.0114998 -0.999709 0.021199 129.494 -0.0138291 0.0210394 0.999683 1.55319
-0.999236 -0.0361577 -0.0148614 -20.9587 0.0360436 -0.999319 0.00787738 129.337 -0.0151361 0.0073357 0.999859 1.59195
-0.998274 -0.0557216 -0.0185281 -18.7711 0.0558096 -0.998432 -0.00426491 129.102 -0.0182614 -0.0052916 0.999819 1.6275
-0.998023 -0.0582241 -0.0236707 -16.7738 0.0584459 -0.998252 -0.00878944 128.888 -0.0231176 -0.0101555 0.999681 1.66493
-0.998247 -0.0554764 -0.0206023 -14.6774 0.055758 -0.998355 -0.0133521 128.683 -0.0198276 -0.0144774 0.999699 1.71702
-0.998351 -0.0526132 -0.0229627 -12.5601 0.0527873 -0.998581 -0.00704063 128.489 -0.0225597 -0.00824116 0.999712 1.76353
-0.998709 -0.0463934 -0.0206985 -10.4725 0.0465182 -0.998902 -0.00558495 128.305 -0.0204167 -0.0065406 0.99977 1.80131
-0.998936 -0.0408092 -0.0214774 -8.26022 0.0408588 -0.999163 -0.00187702 128.127 -0.0213828 -0.00275256 0.999768 1.84786
-0.999328 -0.0333116 -0.0153133 -6.24778 0.0334036 -0.999425 -0.0057956 127.964 -0.0151114 -0.00630322 0.999866 1.89564
-0.999653 -0.0171121 -0.0200181 -4.23786 0.0170135 -0.999842 0.00508278 127.851 -0.0201019 0.00474044 0.999787 1.94566
-0.999717 0.00687432 -0.0227572 -2.18973 -0.0070048 -0.999959 0.00565865 127.771 -0.0227173 0.00581646 0.999725 1.99057
-0.999388 0.0281966 -0.0207114 -0.093356 -0.028353 -0.999571 0.00729833 127.744 -0.0204968 0.00788109 0.999759 2.03553
-0.999197 0.0378864 -0.0130633 1.9563 -0.0379489 -0.999269 0.00457176 127.734 -0.0128806 0.00506383 0.999904 2.08166
-0.999266 0.0341787 -0.0173138 3.73454 -0.0341513 -0.999415 -0.00187235 127.716 -0.0173676 -0.00127969 0.999848 2.11274
-0.99819 0.056979 -0.0192526 5.75024 -0.0569266 -0.998373 -0.00326171 127.734 -0.0194071 -0.00215982 0.999809 2.15217
-0.996496 0.0814916 -0.0188334 7.79742 -0.0814939 -0.996674 -0.000642583 127.814 -0.0188231 0.000894474 0.999822 2.19383
-0.994144 0.102625 -0.033856 9.86048 -0.103042 -0.994618 0.0108254 127.956 -0.0325628 0.0142506 0.999368 2.23523
-0.998643 -0.0429519 -0.0294337 11.6448 0.042395 -0.998915 0.019292 127.882 -0.0302304 0.018018 0.999381 2.27633
-0.980848 -0.19234 -0.0306862 12.2892 0.191786 -0.981231 0.0201132 127.712 -0.0339789 0.0138428 0.999327 2.29266
-0.928104 -0.371051 -0.0307367 13.0223 0.370587 -0.928586 0.0198359 127.331 -0.0359018 0.0070191 0.999331 2.32869
-0.840404 -0.541254 -0.0276531 13.7411 0.540873 -0.840856 0.0204195 126.795 -0.0343044 0.00220381 0.999409 2.36019
-0.724265 -0.689095 -0.0242572 14.4587 0.688971 -0.724644 0.0145089 126.166 -0.0275758 -0.00620421 0.9996 2.36963
-0.579608 -0.814408 -0.0281972 14.88 0.814396 -0.580117 0.0149389 125.441 -0.0285241 -0.014305 0.999491 2.384
-0.398535 -0.916675 -0.0296087 15.2617 0.91667 -0.399165 0.0195939 124.456 -0.02978 -0.0193325 0.99937 2.40129
-0.248673 -0.967562 -0.0445543 15.4845 0.968123 -0.249715 0.0195068 123.481 -0.03 -0.0382832 0.998816 2.42988
-0.107865 -0.993469 -0.0372044 15.726 0.994067 -0.108307 0.0100662 122.027 -0.01403 -0.0358979 0.999257 2.47126
-0.0622187 -0.997617 -0.0298091 15.8301 0.998059 -0.0622687 0.000750166 120.005 -0.00260455 -0.0297045 0.999555 2.49421
-0.0648825 -0.996975 -0.0427962 15.8802 0.997884 -0.0650011 0.00138341 117.785 -0.00416103 -0.0426159 0.999083 2.48776
-0.0739893 -0.996637 -0.0352293 15.9754 0.997255 -0.0738438 -0.00541634 115.681 0.00279666 -0.0355334 0.999365 2.51077
-0.0726873 -0.996938 -0.0288261 16.052 0.997355 -0.0726659 -0.00179189 113.54 -0.000308275 -0.0288801 0.999583 2.51805
-0.066217 -0.997422 -0.0276633 16.1283 0.997799 -0.0662904 0.0017435 111.269 -0.00357281 -0.027487 0.999616 2.51639
-0.0568679 -0.997915 -0.0305209 16.1748 0.998362 -0.0570312 0.00450604 108.922 -0.00623728 -0.0302146 0.999524 2.52638
-0.0490015 -0.998153 -0.0359031 16.1971 0.998765 -0.0492628 0.00642937 106.837 -0.00818619 -0.0355437 0.999335 2.53799
-0.0403275 -0.998756 -0.0293144 16.1907 0.99913 -0.0399947 -0.0118512 104.6 0.010664 -0.0297668 0.9995 2.45356
-0.0399796 -0.998652 -0.0331001 16.1911 0.999157 -0.0396469 -0.0106503 102.487 0.00932363 -0.033498 0.999395 2.46733
-0.0451102 -0.998188 -0.0398274 16.1933 0.998956 -0.0447833 -0.00906285 100.478 0.00726282 -0.0401946 0.999165 2.45125
-0.0515939 -0.997925 -0.0385263 16.2181 0.998654 -0.0513481 -0.0073446 98.2627 0.0053511 -0.0388534 0.999231 2.4613
-0.0531199 -0.997888 -0.0373782 16.2455 0.998588 -0.0530563 -0.00269023 96.1988 0.000701403 -0.0374683 0.999298 2.46494
-0.0547944 -0.997974 -0.0323475 16.2911 0.998315 -0.0541368 -0.020868 94.1065 0.0190745 -0.0334364 0.999259 2.44458
-0.0563404 -0.997877 -0.0326788 16.3226 0.998298 -0.0558094 -0.0169424 91.9403 0.0150826 -0.0335777 0.999322 2.38737
-0.0565382 -0.9979 -0.0316153 16.3692 0.998308 -0.0560736 -0.0153942 89.7461 0.0135891 -0.0324321 0.999382 2.34959
-0.0577612 -0.99785 -0.030969 16.4119 0.998263 -0.0573701 -0.013374 87.6227 0.0115686 -0.0316877 0.999431 2.32759
-0.0581476 -0.997947 -0.026841 16.4563 0.99827 -0.0578905 -0.0102598 85.5599 0.00868495 -0.0273912 0.999587 2.31287
-0.0560211 -0.998065 -0.0269868 16.4955 0.998402 -0.0557993 -0.0089027 83.2747 0.00737962 -0.0274424 0.999596 2.30306
-0.0583282 -0.997728 -0.0337254 16.5323 0.998278 -0.0580804 -0.00828138 80.9252 0.00630378 -0.0341503 0.999397 2.26619
-0.0599476 -0.997355 -0.0411001 16.5678 0.998172 -0.0595766 -0.0101932 78.8826 0.00771762 -0.041636 0.999103 2.2514
-0.0612249 -0.997319 -0.0400879 16.6143 0.998108 -0.0609493 -0.00806198 76.7734 0.00559704 -0.0405057 0.999164 2.22669
-0.0604247 -0.997369 -0.0400527 16.6611 0.998142 -0.0600598 -0.0102539 74.7474 0.00782136 -0.0405978 0.999145 2.20913
-0.0575641 -0.997583 -0.0389247 16.7098 0.998305 -0.0571841 -0.0108069 72.6699 0.00855489 -0.0394808 0.999184 2.21042
-0.0537494 -0.997851 -0.0374732 16.7482 0.998496 -0.0533007 -0.0128719 70.5491 0.0108469 -0.0381087 0.999215 2.18243
-0.0493095 -0.998059 -0.0380311 16.7655 0.998751 -0.0489671 -0.00988312 68.4711 0.00800167 -0.0384709 0.999228 2.17172
-0.0467485 -0.998346 -0.0334623 16.7811 0.998895 -0.0465629 -0.00630303 66.1712 0.0047345 -0.03372 0.99942 2.14399
-0.0447429 -0.998458 -0.032853 16.7927 0.998996 -0.0446377 -0.00393059 63.9229 0.00245805 -0.0329959 0.999452 2.14788
-0.0435838 -0.998474 -0.0339065 16.8097 0.999045 -0.043455 -0.00452656 61.667 0.00304625 -0.0340714 0.999415 2.14121
-0.0420316 -0.998747 -0.0271602 16.8182 0.999057 -0.041718 -0.0120124 59.3875 0.0108643 -0.0276395 0.999559 2.13411
-0.0426447 -0.998633 -0.0302329 16.8189 0.998988 -0.0421884 -0.015574 57.0485 0.0142773 -0.0308664 0.999422 2.08746
-0.0456099 -0.998351 -0.0348571 16.829 0.998826 -0.045006 -0.0179178 54.5718 0.0163194 -0.0356334 0.999232 2.05292
-0.0480701 -0.998254 -0.0343219 16.8515 0.998772 -0.0476271 -0.0136119 52.1261 0.0119535 -0.0349341 0.999318 2.01308
-0.0508309 -0.9983 -0.0285352 16.8821 0.998647 -0.0504928 -0.0124471 50.1002 0.0109851 -0.0291292 0.999515 1.99311
-0.0530556 -0.998272 -0.0252655 16.9072 0.998528 -0.0527487 -0.0126614 48.04 0.0113068 -0.0259 0.999601 1.97214
-0.0543377 -0.998231 -0.0241139 16.9406 0.998488 -0.0541194 -0.00961635 45.9918 0.00829431 -0.0245999 0.999663 1.94864
-0.0556342 -0.998159 -0.0241664 16.9812 0.99834 -0.0552512 -0.0162362 43.9104 0.014871 -0.0250295 0.999576 1.93456
-0.0568226 -0.99802 -0.0269784 17.0309 0.998267 -0.0563816 -0.0168349 41.454 0.0152805 -0.0278883 0.999494 1.88962
-0.0568869 -0.998081 -0.0244392 17.0716 0.998363 -0.0567231 -0.00734285 39.0258 0.00594249 -0.0248169 0.999674 1.85444
-0.0568622 -0.997997 -0.0277235 17.1122 0.998347 -0.0566065 -0.00992357 36.5666 0.00833436 -0.028242 0.999566 1.83971
-0.0568369 -0.997768 -0.0350384 17.1373 0.998383 -0.0568405 -0.000895333 34.5459 -0.00109826 -0.0350326 0.999386 1.83375
-0.0571376 -0.99778 -0.0342035 17.1727 0.998366 -0.0570992 -0.00209942 32.4542 0.000141771 -0.0342675 0.999413 1.84121
-0.058021 -0.997662 -0.0361045 17.2089 0.998289 -0.0577183 -0.00937145 30.0235 0.00726565 -0.0365865 0.999304 1.83804
-0.0592567 -0.997287 -0.0436719 17.2595 0.998229 -0.0589687 -0.00785441 27.6092 0.00525782 -0.04406 0.999015 1.83177
-0.0610051 -0.997298 -0.0409242 17.3162 0.998135 -0.0608634 -0.00470242 25.1692 0.00219893 -0.0411347 0.999151 1.82229
-0.0612302 -0.997538 -0.0341841 17.3749 0.998123 -0.0611742 -0.00268234 22.8527 0.000584549 -0.0342842 0.999412 1.81073
-0.0626321 -0.997274 -0.039 17.4303 0.998034 -0.0626824 6.6975e-05 20.4849 -0.00251141 -0.0389192 0.999239 1.80623
-0.0643493 -0.997439 -0.0312057 17.4938 0.997912 -0.0641442 -0.00753007 18.1125 0.00550912 -0.0316251 0.999485 1.81674
-0.0642092 -0.99745 -0.0311579 17.5548 0.997933 -0.0640969 -0.00459114 15.7856 0.0025823 -0.0313883 0.999504 1.78691
-0.0637481 -0.997597 -0.0271232 17.6072 0.997966 -0.0637038 -0.00249649 13.606 0.000762643 -0.0272272 0.999629 1.78862
-0.060423 -0.997789 -0.0276711 17.665 0.99817 -0.0603388 -0.00386668 11.5967 0.00218849 -0.0278541 0.99961 1.79176
-0.0431194 -0.998735 -0.0258832 17.6952 0.999048 -0.042934 -0.00767495 9.44217 0.00655396 -0.0261895 0.999636 1.78299
0.009676 -0.999814 -0.0166755 17.6574 0.99991 0.00982896 -0.00911516 7.2793 0.00927737 -0.0165858 0.999819 1.78389
0.161473 -0.986817 -0.0108679 17.3779 0.986848 0.161543 -0.00590344 5.10273 0.00758125 -0.00977174 0.999924 1.72965
0.32869 -0.944433 -0.00297245 16.9129 0.944419 0.328702 -0.00520383 3.62404 0.00589172 -0.00109678 0.999982 1.71632
0.487233 -0.873229 -0.00860406 16.3448 0.873159 0.487305 -0.0112652 2.61074 0.0140299 -0.00202394 0.9999 1.71936
0.643756 -0.765217 -0.00462757 15.6252 0.764973 0.643684 -0.0220723 1.79396 0.0198688 0.0106692 0.999746 1.70191
0.775969 -0.630735 -0.00677614 14.8729 0.63048 0.775891 -0.0220904 1.24767 0.0191908 0.0128693 0.999733 1.67821
0.878765 -0.477129 -0.0109894 14.105 0.476908 0.87877 -0.0179416 0.90371 0.0182176 0.0105255 0.999779 1.66314
0.949445 -0.313561 -0.0152625 13.3953 0.313302 0.949497 -0.017224 0.697096 0.0198925 0.0115715 0.999735 1.64706
0.991526 -0.129157 -0.0139207 12.4642 0.129017 0.991587 -0.0104859 0.595099 0.0151579 0.00860099 0.999848 1.63446
0.999689 0.0238204 -0.00740112 10.6814 -0.0238249 0.999716 -0.000517845 0.626141 0.00738668 0.000694015 0.999972 1.60558
0.997535 0.0699099 0.00606473 8.68361 -0.0699513 0.997527 0.00690464 0.891662 -0.00556703 -0.00731185 0.999958 1.60106
0.997956 0.0637512 0.00452717 6.60549 -0.0638103 0.997858 0.0144076 1.11398 -0.00359898 -0.014667 0.999886 1.60437
0.999794 0.0191763 0.00669004 4.53668 -0.0193537 0.999433 0.0275383 1.26117 -0.00615816 -0.0276621 0.999598 1.60035
0.999956 -0.00583955 0.00733437 2.49528 0.00559723 0.999452 0.0326368 1.36434 -0.00752093 -0.0325943 0.99944 1.63829
0.999517 -0.0297697 0.00891766 0.483074 0.0293561 0.998627 0.0433889 1.40665 -0.0101971 -0.0431062 0.999018 1.66282
