1 6.99624e-05 -0.000124138 0.00211333 -6.99838e-05 1 -0.000172674 0.000187848 0.000124126 0.000172683 1 0.000301274
0.998688 -0.0511832 0.00175985 -0.574039 0.0511855 0.998688 -0.00130999 -0.0253942 -0.00169049 0.00139835 0.999998 0.011818
0.983412 -0.18138 0.00146715 -2.69302 0.181366 0.983392 0.00680708 -0.273691 -0.00267746 -0.00642807 0.999976 0.0122361
0.970692 -0.240305 0.00331599 -4.74993 0.24023 0.970599 0.0150509 -0.651736 -0.0068353 -0.0138132 0.999881 0.0146708
0.967241 -0.253858 0.000352827 -6.76558 0.253844 0.9672 0.00932613 -1.09173 -0.00270877 -0.00893106 0.999956 0.0429571
0.96371 -0.266841 -0.00773361 -8.76108 0.266929 0.963607 0.0144968 -1.54039 0.00358382 -0.016035 0.999865 0.039819
0.96655 -0.256145 -0.0130676 -10.7617 0.25621 0.966615 0.00352089 -2.01359 0.0117295 -0.00675117 0.999908 0.0292034
0.979594 -0.200561 -0.0130776 -12.8459 0.200516 0.979679 -0.00470811 -2.40618 0.0137561 0.00198976 0.999903 0.0046055
0.990219 -0.138832 -0.013853 -14.8636 0.138753 0.990306 -0.00651403 -2.67361 0.0146231 0.00452817 0.999883 -0.0270712
0.998638 -0.0497389 -0.0157448 -16.9542 0.0497906 0.998755 0.00291094 -2.7429 0.0155805 -0.00369092 0.999872 -0.0594556
0.999737 -0.0151595 -0.0171913 -18.9687 0.0150893 0.999877 -0.00420892 -2.6901 0.0172529 0.00394841 0.999843 -0.0807661
0.999824 0.00530803 -0.0179753 -21.089 -0.0053167 0.999986 -0.000434819 -2.60568 0.0179728 0.000530312 0.999838 -0.125787
0.9999 0.00542924 -0.0130892 -23.2481 -0.00542489 0.999985 0.000367828 -2.49713 0.013091 -0.000296784 0.999914 -0.159333
0.999829 0.00469044 -0.0178942 -25.3108 -0.00448167 0.999922 0.011689 -2.41159 0.0179476 -0.0116068 0.999772 -0.192408
0.999859 0.00390203 -0.0163506 -27.5015 -0.00380078 0.999973 0.00621927 -2.30451 0.0163745 -0.00615624 0.999847 -0.239073
0.999822 -0.00955793 -0.0162827 -29.6023 0.00964289 0.99994 0.00514764 -2.22386 0.0162325 -0.00530373 0.999854 -0.277118
0.999252 -0.0347134 -0.0170144 -31.7552 0.0346979 0.999397 -0.00120626 -2.21808 0.017046 0.000614999 0.999855 -0.294381
0.998077 -0.0530664 -0.0320496 -33.9825 0.0530506 0.998591 -0.00134518 -2.2474 0.0320758 -0.000357657 0.999485 -0.350556
0.997623 -0.066963 -0.0162743 -36.2322 0.0669629 0.997755 -0.000551846 -2.31387 0.0162747 -0.00053924 0.999867 -0.419384
0.996695 -0.0772754 -0.0250472 -38.2922 0.0771759 0.997005 -0.00491575 -2.39406 0.0253521 0.00296647 0.999674 -0.449217
0.996148 -0.0843044 -0.0241308 -40.3851 0.084006 0.996379 -0.0131256 -2.4983 0.02515 0.0110479 0.999623 -0.502194
0.996341 -0.0828474 -0.0210091 -42.5038 0.0825429 0.996475 -0.0149679 -2.60389 0.0221751 0.013179 0.999667 -0.551045
0.997207 -0.0725906 -0.0175935 -44.6542 0.0722717 0.99722 -0.0181304 -2.69092 0.0188607 0.0168082 0.999681 -0.585831
0.998154 -0.0548136 -0.0261658 -46.8537 0.054261 0.998298 -0.0213838 -2.73848 0.0272934 0.0199245 0.999429 -0.620111
0.998982 -0.0359764 -0.0272212 -49.0882 0.0353757 0.999127 -0.0222346 -2.74512 0.0279973 0.021249 0.999382 -0.66956
0.99927 -0.0268097 -0.0272201 -51.2597 0.0263087 0.999481 -0.0185975 -2.71952 0.0277045 0.0178678 0.999456 -0.720459
0.999489 -0.018926 -0.0257678 -53.4783 0.0185713 0.99973 -0.0139373 -2.67409 0.0260246 0.0134516 0.999571 -0.768008
0.999535 -0.0203553 -0.0227117 -55.5225 0.0200724 0.999719 -0.012613 -2.62847 0.0229621 0.0121512 0.999662 -0.821808
0.999442 -0.0261848 -0.0207224 -57.5619 0.0259825 0.999613 -0.0099753 -2.5861 0.0209756 0.00943132 0.999736 -0.855252
0.999251 -0.0329535 -0.0202962 -59.6091 0.0327244 0.999398 -0.0115196 -2.5745 0.0206636 0.0108468 0.999728 -0.903553
0.999167 -0.0348951 -0.0211406 -61.6732 0.0347098 0.999356 -0.00906965 -2.57623 0.0214435 0.00832831 0.999735 -0.95171
0.99913 -0.036417 -0.0203287 -63.7567 0.0360934 0.999219 -0.0160639 -2.57469 0.0208978 0.0153162 0.999664 -0.984608
0.99861 -0.0464175 -0.0249728 -65.8921 0.0458903 0.99872 -0.0212857 -2.59348 0.0259289 0.0201101 0.999461 -1.04089
0.998235 -0.0545026 -0.0235874 -68.0184 0.0539975 0.998309 -0.021548 -2.62466 0.0247219 0.0202363 0.99949 -1.07419
0.998277 -0.0531456 -0.0248774 -70.1779 0.0526047 0.998375 -0.021914 -2.65308 0.0260016 0.0205675 0.99945 -1.12573
0.998652 -0.0463874 -0.0232743 -72.391 0.0458875 0.998714 -0.0215716 -2.68246 0.024245 0.0204745 0.999496 -1.19951
0.999235 -0.0324489 -0.021842 -74.4738 0.032086 0.999344 -0.0167656 -2.6636 0.0223717 0.016052 0.999621 -1.23348
0.999457 -0.0107715 -0.0311312 -76.6729 0.010449 0.99989 -0.0105039 -2.60256 0.0312409 0.0101729 0.99946 -1.29895
0.999206 0.0140812 -0.0372631 -78.6722 -0.0142001 0.999895 -0.00292782 -2.50254 0.0372179 0.00345463 0.999301 -1.35697
0.99868 0.0400503 -0.0321695 -80.7353 -0.0400145 0.999198 0.00175451 -2.3503 0.0322139 -0.00046495 0.999481 -1.42843
0.997997 0.0568998 -0.0276465 -82.8497 -0.0567402 0.998368 0.00652196 -2.15127 0.0279725 -0.00494023 0.999596 -1.49375
0.997856 0.0592639 -0.0277532 -84.9955 -0.0589568 0.998191 0.0117576 -1.94533 0.0283998 -0.0100962 0.999546 -1.54845
0.998533 0.0470446 -0.0268241 -87.0599 -0.0465891 0.998763 0.0173606 -1.75059 0.0276076 -0.0160854 0.999489 -1.6098
0.99912 0.0324226 -0.0265987 -89.1442 -0.0318517 0.999259 0.0216122 -1.58765 0.0272797 -0.020746 0.999413 -1.66452
0.999408 0.0202942 -0.0277763 -91.2919 -0.0198131 0.999651 0.0174881 -1.46032 0.0281215 -0.0169274 0.999461 -1.73847
0.999312 0.00926821 -0.0359243 -93.5736 -0.00866792 0.999821 0.0168295 -1.34626 0.0360739 -0.0165066 0.999213 -1.8158
0.998928 0.00251743 -0.0462206 -95.6488 -0.00184849 0.999893 0.0145098 -1.26227 0.0462522 -0.0144088 0.998826 -1.87622
0.999424 -0.000184699 -0.0339228 -97.7844 0.00079777 0.999837 0.0180599 -1.17589 0.0339139 -0.0180766 0.999261 -1.97456
0.999109 -0.000415239 -0.0422138 -100.029 0.00125374 0.999802 0.0198387 -1.08161 0.0421973 -0.0198739 0.998912 -2.04522
0.99904 0.000267631 -0.0438127 -102.326 0.000427237 0.999874 0.0158498 -0.997023 0.0438115 -0.0158533 0.998914 -2.15001
0.99917 0.000588188 -0.0407381 -104.664 9.7403e-05 0.999858 0.0168252 -0.909768 0.0407422 -0.0168152 0.999028 -2.24554
0.999112 -0.00577537 -0.0417345 -107.057 0.00659558 0.999787 0.0195423 -0.830988 0.0416127 -0.0198002 0.998938 -2.32353
0.999167 -0.0130255 -0.0386695 -109.063 0.0139023 0.99965 0.0224941 -0.762604 0.038363 -0.023013 0.998999 -2.4119
0.999195 -0.0188376 -0.0354168 -111.158 0.019658 0.999543 0.0229588 -0.727478 0.0349682 -0.0236365 0.999109 -2.49167
0.999134 -0.0229239 -0.0347265 -113.35 0.0239174 0.999309 0.0284682 -0.686698 0.0340499 -0.0292741 0.998991 -2.58234
0.999032 -0.0276724 -0.0342058 -115.656 0.0288022 0.999041 0.0329905 -0.658923 0.0332601 -0.0339438 0.99887 -2.67313
0.998573 -0.0326217 -0.0422836 -118.062 0.0338966 0.998981 0.0297944 -0.640417 0.0412685 -0.0311851 0.998661 -2.76892
0.998536 -0.0352556 -0.0410244 -120.087 0.0364877 0.998893 0.0296822 -0.636665 0.0399325 -0.0311356 0.998717 -2.84136
0.998602 -0.0372075 -0.0375549 -122.152 0.0383078 0.998845 0.0290158 -0.632919 0.0364319 -0.0304139 0.998873 -2.92774
0.998193 -0.0387469 -0.0459321 -124.302 0.0401606 0.998735 0.0302667 -0.632359 0.0447012 -0.0320566 0.998486 -3.01467
0.998326 -0.0402453 -0.0415375 -126.44 0.0415046 0.99869 0.0299126 -0.63346 0.0402793 -0.0315865 0.998689 -3.10753
0.998353 -0.0395629 -0.0415559 -128.968 0.0410091 0.998561 0.0345451 -0.636503 0.0401295 -0.0361924 0.998539 -3.22993
0.998197 -0.0406602 -0.0441558 -131.263 0.0421575 0.998548 0.0335235 -0.63866 0.0427286 -0.0353246 0.998462 -3.32053
0.998448 -0.0409465 -0.037758 -133.477 0.0421439 0.998615 0.0314799 -0.649748 0.0364167 -0.0330223 0.998791 -3.42067
0.998162 -0.0413341 -0.044313 -135.726 0.0423782 0.998839 0.0228879 -0.665512 0.0433155 -0.0247237 0.998755 -3.48844
0.998035 -0.040605 -0.0477171 -137.936 0.0417972 0.998832 0.024257 -0.678411 0.0466764 -0.0262038 0.998566 -3.60991
0.998202 -0.0402992 -0.0443659 -140.091 0.0412007 0.998959 0.0195964 -0.692268 0.04353 -0.0213891 0.998823 -3.69513
0.998228 -0.0398294 -0.044216 -142.246 0.0406195 0.999028 0.0171168 -0.701188 0.0434912 -0.0188825 0.998875 -3.79079
0.998197 -0.0381419 -0.0463491 -144.357 0.0389496 0.999102 0.0166485 -0.698218 0.0456725 -0.0184238 0.998787 -3.869
0.998309 -0.0344835 -0.0467982 -146.456 0.0352802 0.999244 0.0163061 -0.69392 0.0462006 -0.0179296 0.998771 -3.97843
0.998156 -0.0272392 -0.054248 -148.479 0.0281107 0.999487 0.015367 -0.671366 0.0538016 -0.0168636 0.998409 -4.05825
0.998548 -0.00181407 -0.0538321 -150.778 0.00246008 0.999926 0.0119366 -0.597064 0.0538065 -0.0120517 0.998479 -4.16325
0.995714 0.0710138 -0.0592546 -153.108 -0.0696328 0.997258 0.0250568 -0.369529 0.0608715 -0.0208233 0.997928 -4.31636
0.972944 0.225782 -0.0490125 -155.217 -0.22513 0.974153 0.0185149 0.121225 0.051926 -0.00697974 0.998627 -4.41191
0.923968 0.380313 -0.0405689 -156.466 -0.380231 0.924837 0.0100237 0.673424 0.0413318 0.00616402 0.999126 -4.47577
0.843692 0.535532 -0.0372802 -157.529 -0.535965 0.844238 -0.00195199 1.32309 0.030428 0.0216278 0.999303 -4.53778
0.735157 0.676757 -0.0392953 -158.357 -0.677503 0.735471 -0.00854759 2.0776 0.0231159 0.0329065 0.999191 -4.56185
0.596747 0.801432 -0.040012 -158.996 -0.802398 0.596421 -0.0209358 2.97852 0.00708542 0.044599 0.99898 -4.58462
0.456801 0.888136 -0.0504699 -159.425 -0.889568 0.455976 -0.0274879 3.84023 -0.00139996 0.0574529 0.998347 -4.59611
0.295922 0.953726 -0.0532566 -159.814 -0.955154 0.29483 -0.0274925 4.76594 -0.0105187 0.0590039 0.998202 -4.58937
0.129338 0.99026 -0.0515347 -160.009 -0.991266 0.12777 -0.0326561 6.30554 -0.0257535 0.0553083 0.998137 -4.56008
0.0273782 0.998785 -0.0409818 -160.038 -0.998993 0.0258803 -0.0366433 8.48255 -0.0355382 0.0419437 0.998488 -4.50897
0.0137218 0.999258 -0.0360007 -159.961 -0.999491 0.0126696 -0.0292922 10.5043 -0.0288143 0.0363843 0.998922 -4.42015
0.0102294 0.999771 -0.0187839 -159.89 -0.999552 0.00969507 -0.0283199 12.6191 -0.0281314 0.0190652 0.999422 -4.36475
0.0110385 0.99959 -0.0264151 -159.818 -0.999758 0.0105295 -0.01933 14.8789 -0.019044 0.026622 0.999464 -4.31956
0.0135046 0.999594 -0.0250932 -159.756 -0.999704 0.0129902 -0.0205492 17.2311 -0.0202149 0.0253633 0.999474 -4.26023
0.0150356 0.999511 -0.0274118 -159.695 -0.999636 0.0144116 -0.0228218 19.6358 -0.0224156 0.0277449 0.999364 -4.21786
0.0183443 0.999727 -0.0144884 -159.635 -0.999656 0.0180675 -0.0190098 22.0939 -0.0187428 0.0148322 0.999714 -4.17245
0.0231499 0.999684 -0.00976462 -159.596 -0.99956 0.0229633 -0.0188013 24.0979 -0.0185711 0.0101956 0.999776 -4.13876
0.0274544 0.999515 -0.0147006 -159.557 -0.999344 0.0270966 -0.0240086 26.6246 -0.0235986 0.0153501 0.999604 -4.08312
0.0286926 0.999471 -0.015284 -159.531 -0.999419 0.0284029 -0.0188458 29.131 -0.0184017 0.0158158 0.999706 -4.02008
0.0330863 0.999294 -0.0177927 -159.514 -0.999243 0.03271 -0.0210403 31.5144 -0.0204435 0.0184754 0.99962 -3.96718
0.0357967 0.99917 -0.0194171 -159.519 -0.999082 0.0353225 -0.024238 33.8149 -0.023532 0.0202669 0.999518 -3.9189
0.0409718 0.998933 -0.0213021 -159.528 -0.998877 0.040443 -0.0246861 36.1042 -0.0237983 0.0222896 0.999468 -3.86549
0.0483312 0.998568 -0.0229291 -159.551 -0.998561 0.047771 -0.0243814 38.4362 -0.0232511 0.0240745 0.99944 -3.81313
0.0539876 0.998263 -0.0236053 -159.591 -0.99836 0.0535116 -0.0203538 40.7933 -0.0190553 0.0246655 0.999514 -3.75036
0.054912 0.997752 -0.038403 -159.627 -0.998327 0.0541657 -0.0202094 43.1013 -0.0180839 0.0394485 0.999058 -3.69387
0.0536035 0.997826 -0.0383426 -159.677 -0.998391 0.052844 -0.0205555 45.4454 -0.0184846 0.0393827 0.999053 -3.65038
0.0518836 0.997902 -0.038733 -159.719 -0.998652 0.0519131 -0.000244519 48.3273 0.00176674 0.0386935 0.99925 -3.62226
0.0508508 0.998067 -0.0357166 -159.74 -0.998699 0.0506855 -0.005517 50.7144 -0.00369602 0.0359507 0.999347 -3.61356
0.047781 0.998371 -0.0311883 -159.752 -0.998743 0.0472784 -0.0166591 53.1626 -0.0151575 0.0319451 0.999375 -3.58589
0.0434711 0.998794 -0.0228194 -159.755 -0.99902 0.0436483 0.00732285 55.6155 0.00831004 0.0224787 0.999713 -3.56126
0.0388475 0.999164 -0.0127388 -159.745 -0.999075 0.0386025 -0.0189436 58.015 -0.018436 0.0134629 0.999739 -3.56849
0.0366659 0.999211 -0.0152482 -159.737 -0.999299 0.0365456 -0.00810054 60.0147 -0.0075369 0.0155345 0.999851 -3.51552
0.0322518 0.999309 -0.0184749 -159.739 -0.99948 0.0322564 -4.62729e-05 62.0177 0.000549695 0.0184668 0.999829 -3.507
0.0278682 0.999481 -0.0161774 -159.704 -0.999599 0.0277834 -0.00544493 64.0378 -0.00499264 0.0163227 0.999854 -3.53278
0.0243714 0.999619 -0.012967 -159.681 -0.99961 0.0241898 -0.013984 66.0613 -0.013665 0.0133028 0.999818 -3.50045
0.0208302 0.999667 -0.0152366 -159.645 -0.999523 0.020475 -0.0231087 68.0796 -0.022789 0.0157107 0.999617 -3.45756
0.0191543 0.999718 -0.0140694 -159.612 -0.999322 0.0187004 -0.0317148 70.0901 -0.0314428 0.0146674 0.999398 -3.39333
0.0197738 0.999708 -0.0138837 -159.576 -0.999694 0.0195632 -0.0151463 72.1024 -0.0148703 0.014179 0.999789 -3.33121
0.0194339 0.999582 -0.0214036 -159.542 -0.999778 0.0192532 -0.00861557 74.1051 -0.00819988 0.0215663 0.999734 -3.30608
0.0209093 0.999305 -0.0308684 -159.505 -0.999757 0.020682 -0.00766468 76.6095 -0.00702093 0.0310212 0.999494 -3.29689
0.0195528 0.998879 -0.0431151 -159.48 -0.999807 0.0196092 0.000886832 78.6671 0.00173129 0.0430895 0.99907 -3.28402
0.0200893 0.998981 -0.0404186 -159.44 -0.999793 0.0199467 -0.00392808 80.6896 -0.00311785 0.0404892 0.999175 -3.27312
0.0194211 0.999105 -0.037578 -159.414 -0.999765 0.0197701 0.00893842 82.7732 0.00967334 0.0373955 0.999254 -3.28009
0.017771 0.998807 -0.0454755 -159.362 -0.999814 0.0174141 -0.00823371 84.8493 -0.00743198 0.0456134 0.998932 -3.27372
0.0157361 0.999346 -0.0325675 -159.303 -0.999823 0.0160621 0.00977412 86.9605 0.0102908 0.0324079 0.999422 -3.26078
0.0132938 0.999477 -0.0294775 -159.25 -0.999891 0.0130995 -0.00677738 89.0515 -0.0063877 0.0295644 0.999542 -3.27847
0.0106798 0.999391 -0.0332196 -159.198 -0.999939 0.0107622 0.00230212 91.1451 0.00265823 0.033193 0.999445 -3.27775
0.00977945 0.999305 -0.0359682 -159.144 -0.99994 0.00959568 -0.00527841 93.219 -0.00492961 0.0360176 0.999339 -3.2654
0.009175 0.999663 -0.0242963 -159.072 -0.999945 0.00904953 -0.00526918 95.2974 -0.00504754 0.0243433 0.999691 -3.26467
0.0111113 0.999675 -0.0229641 -159.008 -0.999876 0.0108508 -0.0114383 97.332 -0.0111854 0.0230883 0.999671 -3.24709
0.0135027 0.999461 -0.029936 -158.963 -0.999827 0.013112 -0.0132091 99.3674 -0.0128094 0.0301092 0.999465 -3.20242
0.0184098 0.999403 -0.0292218 -158.907 -0.999822 0.0182799 -0.00470747 101.833 -0.00417049 0.0293032 0.999562 -3.15995
0.0259572 0.999206 -0.0302101 -158.866 -0.999631 0.0257025 -0.00878747 104.162 -0.00800402 0.0304271 0.999505 -3.15778
0.0312352 0.99899 -0.0323148 -158.853 -0.999504 0.031085 -0.00514028 106.414 -0.00413058 0.0324593 0.999465 -3.14898
0.0365505 0.998701 -0.0354899 -158.851 -0.999309 0.0362865 -0.00805458 108.648 -0.00675632 0.0357597 0.999338 -3.13317
0.0394322 0.998511 -0.0377064 -158.86 -0.999215 0.0392562 -0.0053984 110.882 -0.00391015 0.0378897 0.999274 -3.1283
0.0413351 0.998249 -0.0423179 -158.863 -0.999141 0.0411691 -0.00478879 113.073 -0.00303821 0.0424794 0.999093 -3.11037
0.0430473 0.998428 -0.0358828 -158.872 -0.999046 0.0427539 -0.00890326 115.112 -0.00735514 0.0362319 0.999316 -3.09857
0.042497 0.998686 -0.0286392 -158.883 -0.999024 0.0428228 0.0108621 117.297 0.0120742 0.0281496 0.999531 -3.09597
0.0403432 0.998876 -0.0248656 -158.86 -0.999168 0.0404769 0.00489534 119.38 0.00589632 0.0246474 0.999679 -3.09453
-0.00211652 0.999635 -0.0269464 -158.867 -0.999997 -0.00208147 0.00132871 121.425 0.00127213 0.0269492 0.999636 -3.10423
-0.177051 0.983604 -0.034297 -158.64 -0.984196 -0.177057 0.00290077 123.236 -0.00321931 0.0342686 0.999407 -3.1045
-0.331842 0.942403 -0.0419139 -158.254 -0.943273 -0.332002 0.00327811 124.248 -0.0108262 0.0406241 0.999116 -3.09956
-0.495022 0.867181 -0.0543122 -157.719 -0.868409 -0.495845 -0.00194735 125.21 -0.0286191 0.0462012 0.998522 -3.08672
-0.626295 0.776857 -0.0651682 -157.077 -0.77842 -0.62774 -0.00219706 125.969 -0.0426155 0.0493522 0.997872 -3.06222
-0.749265 0.6584 -0.0714887 -156.237 -0.660699 -0.750551 0.0122543 126.711 -0.0455877 0.0564142 0.997366 -3.00642
-0.845313 0.530934 -0.0596265 -155.216 -0.532418 -0.846406 0.0113087 127.302 -0.044464 0.0413057 0.998157 -2.93799
-0.920225 0.388363 -0.0485793 -153.802 -0.38995 -0.920387 0.028775 127.87 -0.0335366 0.045423 0.998405 -2.87701
-0.974781 0.217806 -0.0486141 -151.903 -0.219594 -0.974961 0.0350541 128.315 -0.0397619 0.0448454 0.998202 -2.79469
-0.993171 0.109244 -0.0409466 -149.846 -0.110521 -0.993411 0.0303364 128.473 -0.0373627 0.0346547 0.998701 -2.6889
-0.997071 0.0592663 -0.0483329 -147.817 -0.0604209 -0.997913 0.022788 128.512 -0.0468815 0.0256416 0.998571 -2.58937
-0.997515 0.0571941 -0.0411368 -145.66 -0.0582228 -0.998009 0.0242578 128.546 -0.0396675 0.0265926 0.998859 -2.49606
-0.997526 0.0546186 -0.0442666 -143.44 -0.0561281 -0.997858 0.033606 128.592 -0.0423362 0.0360074 0.998454 -2.38384
-0.998155 0.0438967 -0.0419531 -141.398 -0.0448551 -0.998747 0.0221836 128.613 -0.0409268 0.0240245 0.998873 -2.29171
-0.99862 0.0330887 -0.0407806 -139.39 -0.0338925 -0.999241 0.0191798 128.584 -0.0401151 0.0205355 0.998984 -2.19862
-0.998599 0.0326834 -0.0416182 -137.221 -0.033583 -0.999213 0.0211046 128.572 -0.0408957 0.0224727 0.998911 -2.13112
-0.998421 0.0396663 -0.0397664 -135.105 -0.0405073 -0.998967 0.020571 128.58 -0.0389094 0.0221494 0.998997 -2.04098
-0.997977 0.0453169 -0.0445888 -132.828 -0.0463003 -0.998701 0.021275 128.602 -0.0435667 0.0232964 0.998779 -1.96388
-0.998349 0.0446646 -0.0361144 -130.6 -0.0457129 -0.998541 0.0287411 128.626 -0.034778 0.0303445 0.998934 -1.85848
-0.998495 0.0427305 -0.0343739 -128.498 -0.0438516 -0.998508 0.0325506 128.646 -0.0329317 0.0340089 0.998879 -1.77538
-0.997995 0.0453249 -0.0441697 -126.39 -0.0470352 -0.998152 0.0384814 128.673 -0.0423439 0.0404817 0.998283 -1.68618
-0.997888 0.0511906 -0.0399773 -124.181 -0.0529207 -0.997651 0.0434887 128.703 -0.0376572 0.0455125 0.998254 -1.58371
-0.997643 0.0579084 -0.036808 -121.979 -0.0596719 -0.997026 0.0487699 128.753 -0.0338743 0.0508514 0.998132 -1.50151
-0.997721 0.0550648 -0.03899 -119.822 -0.0571113 -0.996934 0.0534789 128.808 -0.0359257 0.0555838 0.997807 -1.42466
-0.998326 0.0442664 -0.0372333 -117.632 -0.0463429 -0.997304 0.0568887 128.839 -0.0346146 0.0585189 0.997686 -1.34136
-0.998626 0.034562 -0.0393807 -115.498 -0.0367341 -0.997764 0.055838 128.841 -0.0373628 0.0572079 0.997663 -1.27153
-0.998743 0.033029 -0.037711 -113.234 -0.0351447 -0.997762 0.0568905 128.835 -0.0357475 0.0581443 0.997668 -1.19119
-0.998677 0.031166 -0.0409103 -111.116 -0.0331713 -0.998233 0.0492915 128.827 -0.0393018 0.0505833 0.997946 -1.12006
-0.998701 0.0295416 -0.0415171 -108.789 -0.0315163 -0.998362 0.0477442 128.807 -0.0400387 0.0489906 0.997996 -1.03696
-0.999004 0.0249742 -0.0369774 -106.782 -0.026757 -0.998463 0.0485316 128.788 -0.0357085 0.0494727 0.998137 -0.942324
-0.999099 0.0201166 -0.0373823 -104.714 -0.0218838 -0.998632 0.0474831 128.755 -0.036376 0.0482584 0.998172 -0.864631
-0.999344 0.014734 -0.0330954 -102.699 -0.0161879 -0.998896 0.0441004 128.714 -0.032409 0.0446072 0.998479 -0.786881
-0.999352 0.00995688 -0.0345976 -100.359 -0.011472 -0.998971 0.043873 128.647 -0.0341252 0.0442415 0.998438 -0.699303
-0.99936 0.0145831 -0.0326745 -98.1209 -0.0159244 -0.999025 0.0411708 128.596 -0.0320423 0.0416648 0.998618 -0.613264
-0.999209 0.024668 -0.0312045 -96.0091 -0.0259286 -0.998837 0.0406596 128.562 -0.0301652 0.0414365 0.998686 -0.536948
-0.998753 0.0366622 -0.0338964 -93.9736 -0.0380765 -0.998389 0.0420664 128.558 -0.0322995 0.0433046 0.99854 -0.467516
-0.998277 0.0488195 -0.0325577 -91.6823 -0.0500538 -0.998014 0.0382417 128.569 -0.0306261 0.0398054 0.998738 -0.389371
-0.997647 0.0600593 -0.0330589 -89.4396 -0.0615494 -0.99704 0.0460701 128.628 -0.0301941 0.0479965 0.998391 -0.316561
-0.997328 0.0665817 -0.0300481 -87.2646 -0.0680018 -0.996481 0.0490125 128.69 -0.026679 0.0509249 0.998346 -0.248117
-0.997417 0.0647053 -0.0311988 -85.1035 -0.0661182 -0.996723 0.0466096 128.752 -0.0280807 0.048552 0.998426 -0.183016
-0.997934 0.0578109 -0.0280266 -82.9466 -0.0590561 -0.997201 0.0458508 128.796 -0.0252975 0.0474112 0.998555 -0.120074
-0.99854 0.0478749 -0.0250266 -80.7377 -0.0489221 -0.997874 0.0430539 128.824 -0.0229122 0.0442153 0.998759 -0.0580684
-0.999147 0.0351714 -0.0216583 -78.4774 -0.0361366 -0.998292 0.0459149 128.832 -0.0200064 0.0466584 0.998711 0.00480095
-0.999652 0.0221016 -0.0144271 -76.2572 -0.0228153 -0.998421 0.0513361 128.817 -0.0132697 0.0516474 0.998577 0.0572077
-0.999743 0.0132479 -0.0184135 -74.1132 -0.014148 -0.998667 0.049644 128.775 -0.0177313 0.0498917 0.998597 0.0958436
-0.999721 0.00981084 -0.0215029 -71.9865 -0.0108747 -0.998693 0.0499322 128.712 -0.0209849 0.0501521 0.998521 0.150844
-0.999826 0.00753914 -0.0170357 -69.7984 -0.00829484 -0.998965 0.0447334 128.643 -0.0166808 0.044867 0.998854 0.190167
-0.999866 0.00657999 -0.0150185 -67.6698 -0.00716311 -0.999209 0.0391094 128.57 -0.0147493 0.0392118 0.999122 0.232036
-0.999825 0.00859605 -0.0165924 -65.4105 -0.00918775 -0.999312 0.0359204 128.498 -0.0162723 0.0360665 0.999217 0.274587
-0.999656 0.0143604 -0.0219604 -63.344 -0.0151176 -0.999283 0.0347112 128.441 -0.0214462 0.0350313 0.999156 0.320204
-0.999542 0.0260219 -0.0154715 -61.2364 -0.0265072 -0.999135 0.0320357 128.391 -0.0146245 0.0324311 0.999367 0.381147
-0.998757 0.0451404 -0.0211591 -59.1109 -0.0458043 -0.998437 0.0320204 128.399 -0.0196806 0.0329498 0.999263 0.404816
-0.997856 0.0616935 -0.0218644 -56.9469 -0.0625037 -0.9973 0.0385409 128.459 -0.0194277 0.0398249 0.999018 0.453903
-0.996974 0.0757394 -0.0175008 -54.8216 -0.0764948 -0.995937 0.0475213 128.548 -0.0138305 0.0487162 0.998717 0.505506
-0.997135 0.0735454 -0.0176728 -52.652 -0.074348 -0.995972 0.0501247 128.635 -0.0139152 0.0512951 0.998587 0.544462
-0.997858 0.0635364 -0.0155776 -50.4379 -0.0642044 -0.99683 0.0469802 128.69 -0.0125433 0.0478797 0.998774 0.575271
-0.998389 0.05444 -0.0160174 -48.4099 -0.0551033 -0.997494 0.0443877 128.726 -0.0135607 0.0451988 0.998886 0.586935
-0.99875 0.0464058 -0.018573 -46.296 -0.0471402 -0.998035 0.0412776 128.75 -0.016621 0.0421015 0.998975 0.624892
-0.999085 0.0386846 -0.0182128 -44.0867 -0.0393551 -0.998502 0.0380229 128.763 -0.0167146 0.0387049 0.999111 0.645247
-0.999496 0.0309376 -0.0070955 -41.9501 -0.0311982 -0.998706 0.0401581 128.749 -0.00584392 0.0403593 0.999168 0.712163
-0.999626 0.0248995 -0.0112957 -39.7001 -0.0253031 -0.998991 0.0371163 128.716 -0.0103601 0.0373883 0.999247 0.728358
-0.999605 0.0217252 -0.0178433 -37.4615 -0.02242 -0.99896 0.0397112 128.69 -0.016962 0.0400956 0.999052 0.756203
-0.999724 0.0174886 -0.0156802 -35.1949 -0.0181183 -0.998997 0.0409583 128.649 -0.0149482 0.0412311 0.999038 0.802319
-0.999777 0.0178667 -0.0112436 -33.0028 -0.0182837 -0.999105 0.038149 128.592 -0.0105519 0.0383461 0.999209 0.83535
-0.99971 0.0214177 -0.0110268 -30.9184 -0.0218338 -0.998996 0.0391156 128.549 -0.010178 0.039345 0.999174 0.867056
-0.999561 0.0234595 -0.0180935 -28.6617 -0.0241772 -0.998886 0.0405241 128.524 -0.0171226 0.0409438 0.999015 0.894989
-0.999636 0.0229701 -0.0141244 -26.5103 -0.0235625 -0.998783 0.0433181 128.507 -0.0131122 0.0436352 0.998961 0.936262
-0.99987 0.00576912 -0.0150359 -24.3562 -0.00629498 -0.999362 0.0351645 128.456 -0.0148234 0.0352546 0.999268 0.976074
-0.999731 -0.0220797 -0.0070879 -22.2216 0.0219653 -0.999633 0.0158268 128.312 -0.00743476 0.0156669 0.99985 1.01287
-0.998881 -0.0465268 -0.00850039 -20.2017 0.0465074 -0.998915 0.00247106 128.134 -0.00860614 0.00207296 0.999961 1.03794
-0.997734 -0.0661567 -0.0122908 -18.0165 0.0662773 -0.997754 -0.00967938 127.876 -0.0116229 -0.0104721 0.999878 1.0583
-0.997485 -0.068684 -0.0174788 -16.0212 0.0689352 -0.99752 -0.0141967 127.64 -0.0164604 -0.0153659 0.999746 1.08185
-0.997718 -0.06596 -0.0144564 -13.9269 0.066227 -0.997627 -0.0188381 127.413 -0.0131796 -0.0197525 0.999718 1.11946
-0.99787 -0.0630542 -0.01675 -11.8114 0.0632679 -0.997918 -0.0125498 127.197 -0.0159238 -0.0135828 0.999781 1.15141
-0.99828 -0.0568205 -0.0144702 -9.72561 0.0569842 -0.998313 -0.0111651 126.991 -0.0138114 -0.0119704 0.999833 1.17487
-0.998572 -0.0512072 -0.0152109 -7.51507 0.0513256 -0.998654 -0.00749628 126.79 -0.0148066 -0.00826629 0.999856 1.20632
-0.999002 -0.0437258 -0.00908848 -5.50416 0.0438294 -0.998973 -0.0115259 126.605 -0.00857517 -0.0119127 0.999892 1.24036
-0.999529 -0.0274519 -0.0136823 -3.49523 0.0274633 -0.999623 -0.000645974 126.472 -0.0136594 -0.00102143 0.999906 1.27693
-0.999859 -0.00345018 -0.0164181 -1.4478 0.0034521 -0.999994 -8.83176e-05 126.37 -0.0164177 -0.000144982 0.999865 1.30835
-0.999737 0.0179002 -0.0143584 0.648437 -0.0179234 -0.999838 0.0014831 126.322 -0.0143296 0.00174006 0.999896 1.33982
-0.999597 0.0275887 -0.00674199 2.69813 -0.02758 -0.999619 -0.0013697 126.29 -0.00677721 -0.00118321 0.999976 1.37286
-0.999654 0.0238548 -0.0110633 4.47626 -0.0237691 -0.999687 -0.007816 126.253 -0.0112463 -0.00755033 0.999908 1.39253
-0.998825 0.0466747 -0.0130214 6.49226 -0.0465566 -0.998873 -0.00923186 126.25 -0.0134376 -0.00861478 0.999873 1.41927
-0.99738 0.0712392 -0.0125807 8.54038 -0.0711596 -0.997443 -0.00666409 126.309 -0.0130233 -0.00575139 0.999899 1.44843
-0.995334 0.0924935 -0.0274935 10.605 -0.0926619 -0.995686 0.0049128 126.429 -0.0269205 0.00743748 0.99961 1.47763
-0.998326 -0.053074 -0.0229917 12.3887 0.0527782 -0.998518 0.0132865 126.337 -0.0236628 0.0120508 0.999647 1.50697
-0.979028 -0.202277 -0.0242435 13.0314 0.201983 -0.979288 0.0140738 126.16 -0.0265881 0.00888187 0.999607 1.51814
-0.924478 -0.380461 -0.0243044 13.7608 0.380228 -0.92479 0.0137501 125.771 -0.0277078 0.00347048 0.99961 1.54712
-0.835047 -0.549769 -0.0212224 14.4743 0.549585 -0.835316 0.0142553 125.228 -0.0255645 0.000240361 0.999673 1.57066
-0.717379 -0.696453 -0.0178937 15.1855 0.696435 -0.717572 0.00826308 124.591 -0.0185948 -0.006534 0.999806 1.57154
-0.57148 -0.820325 -0.0218378 15.5995 0.820382 -0.57175 0.00868757 123.862 -0.0196124 -0.0129506 0.999724 1.57857
-0.389409 -0.920773 -0.023211 15.9713 0.920819 -0.389764 0.0133114 122.873 -0.0213036 -0.0161895 0.999642 1.58705
-0.239058 -0.970255 -0.0381683 16.1844 0.970754 -0.239705 0.0133328 121.895 -0.0220854 -0.0338647 0.999182 1.60785
-0.0979192 -0.994714 -0.0309199 16.4115 0.995171 -0.0980814 0.00377079 120.439 -0.00678352 -0.0304013 0.999515 1.63815
-0.0521862 -0.998358 -0.0236252 16.4953 0.998628 -0.0520663 -0.00566528 118.416 0.0044259 -0.0238884 0.999705 1.64705
-0.0548819 -0.997821 -0.0366161 16.523 0.998489 -0.0547372 -0.00494274 116.196 0.0029277 -0.0368321 0.999317 1.62548
-0.063972 -0.997527 -0.0291243 16.5972 0.997902 -0.0636497 -0.0118627 114.09 0.00997965 -0.0298221 0.999505 1.63377
-0.0627086 -0.997774 -0.0226919 16.6524 0.998008 -0.0625334 -0.0083463 111.949 0.00690872 -0.0231701 0.999708 1.62611
-0.0562745 -0.998184 -0.0215018 16.706 0.998409 -0.0561824 -0.0048646 109.678 0.00364775 -0.0217414 0.999757 1.60854
-0.0469567 -0.9986 -0.0243404 16.7291 0.998896 -0.0469191 -0.00211416 107.33 0.00096917 -0.0244128 0.999701 1.60219
-0.0391187 -0.998793 -0.0297125 16.7308 0.999234 -0.0391307 -0.000176629 105.245 -0.000986257 -0.0296967 0.999558 1.59932
-0.0303458 -0.999268 -0.0233129 16.7016 0.99938 -0.0299162 -0.0185618 103.008 0.0178508 -0.0238618 0.999556 1.49945
-0.0300255 -0.999182 -0.027095 16.6811 0.999412 -0.0295617 -0.0173618 100.896 0.0165467 -0.0276004 0.999482 1.49852
-0.0351897 -0.998808 -0.0338154 16.6633 0.999275 -0.0346731 -0.015745 98.8861 0.0145538 -0.034345 0.999304 1.46836
-0.0417068 -0.998601 -0.0325051 16.6663 0.999049 -0.0412673 -0.0140779 96.6711 0.0127168 -0.0330613 0.999372 1.46268
-0.0432806 -0.998572 -0.0313188 16.6734 0.99903 -0.0430033 -0.0094727 94.6069 0.00811236 -0.0316984 0.999465 1.45155
-0.0448648 -0.998642 -0.0264754 16.6983 0.998641 -0.0441295 -0.0277345 92.5144 0.0265284 -0.0276837 0.999265 1.41604
-0.0464539 -0.998562 -0.0267754 16.7081 0.998665 -0.0458194 -0.023842 90.3484 0.0225809 -0.0278473 0.999357 1.34316
-0.0466791 -0.998579 -0.0257043 16.733 0.998687 -0.0461091 -0.0223398 88.1541 0.0211229 -0.0267134 0.99942 1.28934
-0.0479331 -0.998536 -0.0250459 16.7548 0.998667 -0.0474287 -0.0203607 86.0307 0.019143 -0.0259884 0.999479 1.25176
-0.0483551 -0.998612 -0.0208948 16.779 0.998697 -0.0479968 -0.0173216 83.9676 0.0162947 -0.0217052 0.999632 1.22181
-0.0462533 -0.998708 -0.0210353 16.7958 0.998817 -0.0459214 -0.0159961 81.6822 0.0150095 -0.0217502 0.999651 1.19512
-0.0485858 -0.998433 -0.0277765 16.8095 0.998721 -0.048173 -0.0153404 79.3327 0.0139783 -0.0284863 0.999496 1.14085
-0.0502152 -0.998119 -0.0351791 16.825 0.998619 -0.0496338 -0.0172103 77.29 0.0154318 -0.0359947 0.999233 1.11084
-0.0515233 -0.998088 -0.0341539 16.851 0.998583 -0.0510314 -0.0151206 75.1806 0.0133487 -0.0348846 0.999302 1.07028
-0.0507268 -0.998129 -0.034148 16.8781 0.998591 -0.050157 -0.017343 73.1544 0.0155978 -0.0349796 0.999266 1.03743
-0.0478776 -0.998307 -0.0330331 16.9067 0.998719 -0.0473038 -0.0179369 71.0765 0.0163439 -0.0338496 0.999293 1.02297
-0.0440645 -0.998528 -0.0316094 16.9245 0.998855 -0.0434444 -0.020045 68.9557 0.0186423 -0.0324565 0.999299 0.978911
-0.0396563 -0.998696 -0.0321464 16.9217 0.999088 -0.0391221 -0.0170797 66.8776 0.0157997 -0.0327944 0.999337 0.952518
-0.0371303 -0.998931 -0.0275505 16.915 0.999232 -0.0367671 -0.0135727 64.5779 0.0125452 -0.0280333 0.999528 0.90739
-0.0351539 -0.999019 -0.0269263 16.9051 0.999329 -0.0348621 -0.0112335 62.3296 0.0102837 -0.0273032 0.999574 0.894239
-0.0340071 -0.999029 -0.0279937 16.9005 0.999362 -0.0336865 -0.0118453 60.0738 0.0108908 -0.0283787 0.999538 0.870369
-0.0324244 -0.999247 -0.0213266 16.8871 0.999299 -0.0320116 -0.0194214 57.7944 0.018724 -0.0219413 0.999584 0.845888
-0.0330338 -0.999155 -0.0244418 16.8652 0.999208 -0.0324734 -0.0229773 55.4558 0.0221641 -0.0251815 0.999437 0.7814
-0.0360039 -0.998928 -0.029097 16.8515 0.999057 -0.0352716 -0.0252996 52.9794 0.0242462 -0.0299805 0.999256 0.727842
-0.0385058 -0.998851 -0.0285283 16.8505 0.99906 -0.0379134 -0.0210231 50.534 0.0199174 -0.0293109 0.999372 0.669101
-0.0412887 -0.998889 -0.0227376 16.8617 0.998967 -0.0408381 -0.0199373 48.508 0.0189865 -0.0235373 0.999543 0.633349
-0.0435276 -0.998862 -0.0194776 16.8671 0.998865 -0.0431337 -0.020205 46.4478 0.0193418 -0.0203349 0.999606 0.596314
-0.0448427 -0.998826 -0.0183048 16.881 0.99886 -0.0445292 -0.0171928 44.3996 0.0163575 -0.0190549 0.999685 0.556756
-0.0461165 -0.998766 -0.0184283 16.9018 0.998672 -0.0456724 -0.0238316 42.318 0.0229605 -0.0195029 0.999546 0.526263
-0.0473178 -0.998654 -0.0212542 16.9281 0.998606 -0.0467957 -0.0244231 39.8617 0.0233957 -0.0223802 0.999476 0.461915
-0.0474505 -0.9987 -0.0186326 16.9457 0.998774 -0.0471746 -0.0149762 37.4335 0.0140777 -0.0193204 0.999714 0.407546
-0.0474261 -0.998634 -0.0219497 16.9631 0.998739 -0.0470455 -0.0175435 34.9741 0.0164869 -0.0227541 0.999605 0.373333
-0.0474698 -0.998446 -0.0291885 16.9691 0.998848 -0.0472414 -0.00846398 32.9533 0.00707192 -0.0295566 0.999538 0.351372
-0.0477771 -0.998455 -0.0283729 16.985 0.998823 -0.0475193 -0.0096932 30.8613 0.00832997 -0.0288026 0.99955 0.342183
-0.0486332 -0.998355 -0.0303506 16.9984 0.998697 -0.0481342 -0.0169626 28.4305 0.0154738 -0.031136 0.999395 0.319655
-0.0498946 -0.998035 -0.0379131 17.0263 0.998663 -0.0493414 -0.0153887 26.0158 0.0134878 -0.0386303 0.999163 0.294031
-0.0516749 -0.998045 -0.0351434 17.0602 0.998609 -0.0512717 -0.0122786 23.5756 0.0104527 -0.035729 0.999307 0.264928
-0.0519225 -0.998247 -0.0283915 17.0973 0.998612 -0.0516475 -0.0103375 21.2586 0.00885304 -0.0288888 0.999543 0.234664
-0.053356 -0.998024 -0.0331907 17.1306 0.998559 -0.0531334 -0.00755589 18.8905 0.00577742 -0.033546 0.99942 0.211045
-0.0550404 -0.998159 -0.0254742 17.1721 0.998389 -0.0546641 -0.0152391 16.5176 0.0138186 -0.0262719 0.999559 0.202321
-0.0549297 -0.998167 -0.0254072 17.2112 0.998431 -0.0546308 -0.012313 14.1904 0.0109024 -0.0260437 0.999601 0.153609
-0.0544912 -0.998286 -0.0213607 17.2435 0.998473 -0.0542817 -0.010268 12.0104 0.00909085 -0.0218876 0.999719 0.137635
-0.0511683 -0.998449 -0.0219296 17.2827 0.998635 -0.0509221 -0.0116434 10.0007 0.0105087 -0.0224954 0.999692 0.124389
-0.0338406 -0.999224 -0.0201641 17.2927 0.999318 -0.0335322 -0.0154445 7.84608 0.0147564 -0.020673 0.999677 0.0976196
0.0189635 -0.99976 -0.0109773 17.2349 0.999672 0.0191483 -0.0169798 5.68366 0.0171859 -0.0106517 0.999796 0.0814984
0.17061 -0.985325 -0.00514775 16.9351 0.985232 0.170666 -0.0138307 3.51019 0.0145063 -0.00271207 0.999891 0.0115251
0.337406 -0.941355 0.00274618 16.4564 0.941289 0.337343 -0.0132118 2.03594 0.0115106 0.00704269 0.999909 -0.010908
0.49532 -0.868705 -0.00294904 15.879 0.86852 0.49528 -0.0192278 1.02783 0.0181639 0.00696263 0.999811 -0.0126791
0.65086 -0.759197 0.000898418 15.152 0.758871 0.650545 -0.0301105 0.217785 0.0222753 0.0202795 0.999546 -0.0321887
0.781822 -0.6235 -0.00123615 14.3944 0.623189 0.781492 -0.0300818 -0.321445 0.0197221 0.0227483 0.999547 -0.0562028
0.88319 -0.468984 -0.00543898 13.6235 0.468708 0.882972 -0.0259364 -0.658302 0.0169662 0.0203575 0.999649 -0.069357
0.952386 -0.304746 -0.00954044 12.9105 0.304439 0.952206 -0.0249086 -0.858207 0.0166752 0.0208181 0.999644 -0.0846745
0.992742 -0.119991 -0.0081422 11.9785 0.119828 0.992628 -0.01819 -0.951636 0.0102648 0.0170823 0.999801 -0.0925629
0.999454 0.0329987 -0.00153628 10.196 -0.0330103 0.999421 -0.00828912 -0.904132 0.00126186 0.00833531 0.999964 -0.110627
0.996801 0.0790125 0.0119918 8.20068 -0.0790062 0.996874 -0.000995887 -0.620406 -0.012033 4.52743e-05 0.999928 -0.101241
0.99729 0.0728092 0.0105184 6.12475 -0.07288 0.997319 0.00651515 -0.379217 -0.0100158 -0.00726407 0.999923 -0.0839007
0.999524 0.0281414 0.0126207 4.05869 -0.0283823 0.99941 0.0193385 -0.213634 -0.0120691 -0.0196875 0.999733 -0.0742224
0.999907 0.00309626 0.0133071 2.01858 -0.00342067 0.999696 0.0244249 -0.0922946 -0.0132274 -0.0244681 0.999613 -0.0237334
0.999669 -0.0209014 0.0149831 0.00713184 0.0203641 0.999174 0.0351581 -0.0319763 -0.0157056 -0.0348414 0.999269 0.0126793
